# Gamma_12 dominating set size 59 (from size-decision), dominating=True
000000101000
000000101010
000001000101
000001001001
000001010000
000010001000
000010010001
000010010010
000010100100
000100000100
000100010001
000100101001
000101000010
001000000010
001000010100
001000100001
001001001000
001001010001
001010000101
001010001000
001010101000
010000000001
010000001010
010000100101
010001000100
010001010010
010001010101
010010000001
010010010100
010010100010
010010101001
010100000001
010100001010
010100010000
010100100000
010101001000
010101010101
100000000000
100000010101
100001001010
100010001010
100010010100
100010100001
100010101001
100100001000
100100010010
100100100010
100100100101
100101000001
100101010100
101000001001
101000100100
101000101010
101001000100
101001010001
101001010010
101010000101
101010010000
101010100010
